4425400
1673200
1490400
1470200
807300
1189500
697600
678200
648300
636200
596200
597400
639700
611000
501600
468100
432400
453700
454000
426500
444000
413900
410000
459500
418800
446600
435300
430900
427300
420000
438800
445300
414800
368400
409200
338700
351600
384800
335500
376700
336800
338100
330700
324000
341500
344800
317000
317100
313900
309000
332000
346700
343400
320000
320600
321500
317000
336300
311900
308800
327800
316300
317500
317600
311300
314400
324500
304800
310800
359600
390200
382100
388800
387100
394700
396000
414500
401100
387500
382600
371100
389700
378000
384200
394800
363800
378100
369400
388200
380700
369600
380000
378500
363800
376000
389900
369200
366600
371500
361900
345400
240900
238500
238200
238100
236100
236900
241600
238000
234000
235500
237300
233300
246400
240300
255300
241400
235000
232800
245700
238600
233800
244500
233700
235400
257700
234000
237500
249700
248000
235900
239500
233000
244000
248800
254200
230300
232400
231600
295300
302200
295100
293800
301500
233900
234700
235400
236400
233600
234200
236800
230200
233700
234600
239300
242900
235500
238300
249600
245500
250300
249100
245400
239700
249300
244500
261200
252600
318900
337500
341900
310300
309700
328100
332600
331400
311800
318600
328700
345800
327200
313800
305000
300000
333000
349000
332800
334000
349000
323800
325600
349500
305400
316400
312500
312500
327800
333400
319600
311600
317800
21601600
1984000
1155200
1143500
1233599
848600
1178300
647200
1154200
629101
588500
839600
593000
505000
530200
570101
479900
489200
514400
457700
421600
439999
467799
681801
451400
555000
435600
420899
404901
437900
2018000
510599
486100
350399
450301
344000
357000
366201
333200
350301
334399
348000
327000
332200
363600
339199
315501
353400
324301
331701
330100
349699
303300
304800
303999
437900
313500
324600
314100
299601
333100
308700
330100
374400
381300
372200
379100
368500
381200
466500
423900
367100
408900
411500
397700
417199
431101
493800
400900
453500
383299
416100
370200
396600
367200
387000
362800
369600
383701
363400
386701
399001
322900
334201
353099
298600
329400
311900
308399
311800
319699
250900
354200
253400
251699
260100
251199
260300
253700
253600
272800
281200
265600
496600
276300
285700
262900
245301
269800
250799
274901
267100
319901
317500
333400
311599
293500
250500
270799
272600
299601
284401
258900
292000
273200
282500
267000
256801
278099
262599
258599
274800
273800
274301
254600
304200
263200
315500
267899
322901
254700
253799
288100
316500
337300
318601
326300
358801
430500
366000
316299
331601
395099
313200
348800
419199
321600
333100
317200
347300
341000
328300
369100
335100
323700
349801
345200
377700
314200
329601
333699
387701
318399
323299
339100
410100
337100
334200
517100
333499
350400
329800
353201
351500
378800
333100
329400
342799
314900
326200
314000
