1863000
1423700
1060800
765000
766000
669800
696200
494000
492000
485000
469300
503500
475500
461700
515300
468200
427200
502600
595800
428900
428600
452200
414200
427200
445900
420400
438900
469600
430100
434300
447400
2303700
430000
406000
376200
421300
413800
375100
370500
381000
394300
379100
424600
380300
354000
357100
364000
360300
353300
357400
363000
360400
483400
362400
359300
355300
356100
353200
364300
369600
358600
361700
354100
351800
376100
358800
351700
382600
414000
398600
390800
397700
391300
393100
397200
402800
396100
400400
393200
386000
389000
390200
387200
385700
395600
376100
395300
402200
424400
363400
372300
371400
379000
396200
501400
446200
295800
300700
322900
1344200
262500
263000
253700
257700
254000
254500
259000
252100
254500
252800
256700
258600
256000
257600
255800
257100
257600
275200
264100
255200
252600
268500
269200
251100
256600
254300
255200
298400
285100
251900
250400
262500
252800
252700
250800
255600
254900
258500
290900
297300
279000
304600
268800
267300
253300
249600
258000
247800
256600
249400
248600
281900
265600
259100
267500
271500
276400
280200
266100
264900
286900
264300
264800
270100
286800
359300
370300
361500
384100
365700
374400
367400
376900
368400
359500
384900
407000
369800
363400
363300
379500
365800
358200
397600
377200
378400
399800
396500
382200
409900
368800
364500
353900
386600
396800
476300
371600
378100
397100
352400
10491900
1759501
1565601
697100
689500
552500
647499
976199
584400
735700
594499
534501
490599
7678500
540000
541400
477100
585800
490801
454300
454900
776399
493701
583500
478200
472999
479401
440300
10194000
429401
481400
452299
404800
451501
403500
384400
414901
6004600
588800
399600
641100
454200
450700
810200
391300
475500
384300
4575300
380299
368601
376100
847800
383600
365000
374400
379201
380600
365201
358701
598601
396900
391000
415601
409700
8607899
429400
405799
442401
402801
703100
431799
450600
409900
423099
411401
420799
450101
410900
465001
458000
473000
432100
421500
433001
452400
416200
442299
446199
436500
544500
465200
402199
520700
396000
668900
463600
354800
298000
315000
297700
290900
298500
293401
312799
296899
301000
298200
309300
298200
314400
329300
316200
312000
510201
372399
306600
295200
294100
341199
308501
332400
2665501
316800
356100
313300
301600
388900
358000
299199
308601
559299
295501
325500
299100
350401
357801
491301
314400
304800
501399
291300
284799
336200
280100
309701
273600
304899
290801
284300
6943299
308400
380399
326301
340700
321300
358299
324100
508700
391900
7317800
379200
322700
373901
315301
350000
360600
357200
352099
339000
742700
346701
345299
358500
372101
380700
341099
335300
427399
315201
400399
342400
425400
323800
314701
337000
327400
379801
347400
351700
529500
322001
346700
343401
446801
320300
358800
326000
361201
312700
337300
