4425400
1673200
1490400
1470200
807300
1189500
697600
678200
648300
636200
596200
597400
639700
611000
501600
468100
432400
453700
454000
426500
444000
413900
410000
459500
418800
446600
435300
430900
427300
420000
438800
445300
414800
368400
409200
338700
351600
384800
335500
376700
336800
338100
330700
324000
341500
344800
317000
317100
313900
309000
332000
346700
343400
320000
320600
321500
317000
336300
311900
308800
327800
316300
317500
317600
311300
314400
324500
304800
310800
359600
390200
382100
388800
387100
394700
396000
414500
401100
387500
382600
371100
389700
378000
384200
394800
363800
378100
369400
388200
380700
369600
380000
378500
363800
376000
389900
369200
366600
371500
361900
345400
240900
238500
238200
238100
236100
236900
241600
238000
234000
235500
237300
233300
246400
240300
255300
241400
235000
232800
245700
238600
233800
244500
233700
235400
257700
234000
237500
249700
248000
235900
239500
233000
244000
248800
254200
230300
232400
231600
295300
302200
295100
293800
301500
233900
234700
235400
236400
233600
234200
236800
230200
233700
234600
239300
242900
235500
238300
249600
245500
250300
249100
245400
239700
249300
244500
261200
252600
318900
337500
341900
310300
309700
328100
332600
331400
311800
318600
328700
345800
327200
313800
305000
300000
333000
349000
332800
334000
349000
323800
325600
349500
305400
316400
312500
312500
327800
333400
319600
311600
317800
