1863000
1423700
1060800
765000
766000
669800
696200
494000
492000
485000
469300
503500
475500
461700
515300
468200
427200
502600
595800
428900
428600
452200
414200
427200
445900
420400
438900
469600
430100
434300
447400
2303700
430000
406000
376200
421300
413800
375100
370500
381000
394300
379100
424600
380300
354000
357100
364000
360300
353300
357400
363000
360400
483400
362400
359300
355300
356100
353200
364300
369600
358600
361700
354100
351800
376100
358800
351700
382600
414000
398600
390800
397700
391300
393100
397200
402800
396100
400400
393200
386000
389000
390200
387200
385700
395600
376100
395300
402200
424400
363400
372300
371400
379000
396200
501400
446200
295800
300700
322900
1344200
262500
263000
253700
257700
254000
254500
259000
252100
254500
252800
256700
258600
256000
257600
255800
257100
257600
275200
264100
255200
252600
268500
269200
251100
256600
254300
255200
298400
285100
251900
250400
262500
252800
252700
250800
255600
254900
258500
290900
297300
279000
304600
268800
267300
253300
249600
258000
247800
256600
249400
248600
281900
265600
259100
267500
271500
276400
280200
266100
264900
286900
264300
264800
270100
286800
359300
370300
361500
384100
365700
374400
367400
376900
368400
359500
384900
407000
369800
363400
363300
379500
365800
358200
397600
377200
378400
399800
396500
382200
409900
368800
364500
353900
386600
396800
476300
371600
378100
397100
352400
